kinematics:
  shoulder:
    x: 0
    y: 0
    z: 0.1626281483969151
    roll: -0
    pitch: 0
    yaw: -5.600473420680182e-08
  upper_arm:
    x: 0.0001182443062495977
    y: 0
    z: 0
    roll: 1.570096238108494
    pitch: 0
    yaw: -1.005609410569785e-05
  forearm:
    x: -0.4249705934940925
    y: 0
    z: 0
    roll: 3.138928338416752
    pitch: -3.139407909672832
    yaw: -3.141564115061079
  wrist_1:
    x: -0.3926262841136348
    y: -0.001043248833971513
    z: 0.1321910601324928
    roll: 0.007891813370286967
    pitch: -0.0009351600420393111
    yaw: -1.747186938042886e-05
  wrist_2:
    x: 0.0001473990710387864
    y: -0.09964570906272553
    z: 5.50160805284822e-05
    roll: 1.570244209945554
    pitch: 0
    yaw: 3.1360934724001e-06
  wrist_3:
    x: 3.95032899183802e-05
    y: 0.09946021934631281
    z: 7.340917269619898e-05
    roll: 1.571534402377764
    pitch: 3.141592653589793
    yaw: 3.141592630937246
  hash: calib_7335655699035826552