kinematics:
  shoulder:
    x: 0
    y: 0
    z: 0.1625631504545468
    roll: -0
    pitch: 0
    yaw: 8.335603207676456e-09
  upper_arm:
    x: 0.0001396590622703482
    y: 0
    z: 0
    roll: 1.568531368834567
    pitch: 0
    yaw: 4.344429284860568e-06
  forearm:
    x: -0.4253346017566724
    y: 0
    z: 0
    roll: 0.0002912253758228418
    pitch: 0.002055170197595951
    yaw: -4.848658050167551e-06
  wrist_1:
    x: -0.392554399726287
    y: -0.0006878367688339526
    z: 0.133941216424785
    roll: 0.00513531787120087
    pitch: -0.0004353612094016011
    yaw: 1.17041371799653e-05
  wrist_2:
    x: 3.526005129576681e-05
    y: -0.09968165515995404
    z: 8.737172074885684e-05
    roll: 1.569919819495396
    pitch: 0
    yaw: -1.219512061351874e-07
  wrist_3:
    x: 6.85947124159805e-05
    y: 0.09969183748685713
    z: -0.000162029062772668
    roll: 1.569171029035465
    pitch: 3.141592653589793
    yaw: -3.141592324756009
  hash: calib_16641988839892251285